11.0235623369017 9.67095280749283
8.77968647282286 9.49327663972698
6.75751883891639 11.3939267508095
3.570600225645 11.1133263973473
10.2498618362862 8.62248861090096
7.91013278196954 8.58500968607576
7.96761947380211 10.7291639242737
9.8876724213706 11.5370658490308
9.64244239019618 9.77530757569954
9.18780264243502 11.7622154529084
9.83795474321644 10.7962117607341
9.56427260146213 8.77594721349846
8.14912996673038 10.6822393828488
4.02129660827325 7.74127380783841
9.23965149578942 12.8660474034021
7.887742520942 13.9607997970117
7.68840898658934 9.26555704706698
5.05849523220145 7.91173074736694
7.04369988978276 11.1394392548848
8.83588312039941 9.72989079223835
10.7173591030581 14.8032355210096
7.79442454531401 9.92151999453366
8.77534322311874 11.3794787249016
7.89238991883419 10.0560043175613
5.24588088634279 8.51345358223519
7.17001087340064 10.3775845990287
7.2114200925793 6.39008274221792
7.88137320657763 12.9311097231258
10.2000507439678 10.3065066764238
9.52635149691509 14.3452233407243
20.9510190577993 8.37351148667182
18.5801071381564 6.76224630155282
21.2214527069781 9.78068860102352
18.1318047367115 10.881778741834
17.4927331995218 12.7019879596172
20.5828924710349 7.36278103093287
19.1134162535631 10.7287691852149
20.0022107032632 10.466999670177
20.1486826483033 12.3879105225181
18.8209581076239 9.94418005574085
18.862662534363 9.28540229099149
19.7296427697523 7.70637172776327
22.3561739931464 8.96515903281275
16.9528663991405 9.27575245484346
21.1878923752568 14.7011086515782
20.665900742427 14.8930627513999
22.1261996745527 9.66659344103145
19.3916321527314 7.91266512187623
20.7400376198326 6.05413013185065
20.5341975815445 11.0293432668761
18.9149599380167 7.81885283253029
22.4157356119663 14.5693186510887
22.3208052313899 8.22876485468408
21.40042729903 10.2222128594914
23.1736669090817 17.6205533614213
21.1169728511306 7.78218000411349
17.4468155830839 10.6151332488429
18.8534691715262 7.78621105554967
17.5507747702033 10.6953072976439
19.0531987271214 8.25347092987591
18.7592666455518 10.1546062454738
20.0842317462885 9.40626271568676
18.1781567028951 7.63351551913466
20.3160575448081 10.0225853768478
18.6908307121624 11.9832020721187
23.5345745387453 13.1879349078075
21.4334149520344 7.25457745814166
21.8203484589905 9.50077813391536
20.7683707156527 12.3188490537111
23.3643521610388 7.77155530431281
18.728527092102 4.94299862229922
19.0767105392789 8.12819488297338
22.8645644770833 8.06552108412887
18.6986072933793 10.0949771846556
19.5852385127961 9.19252641300393
19.214384141116 10.4629922564893
19.360014262903 9.15525518414651
19.4417733940469 10.7482367893906
20.9883766625357 9.26798845000597
19.6453390354608 12.3802028930421
18.9880850757715 8.52534494948554
22.6860776503408 10.5813332908785
19.5708411829063 8.23030086343109
19.6408869399132 10.4160129577417
19.7996185175729 9.90453965504295
21.4253326141028 6.63095870772282
19.8528711917473 9.7115468867621
19.9247316570659 12.3604273310053
18.6366790424887 11.362799846399
19.3514594555074 10.2864952617751
20.120320880869 7.61536711257417
18.8222110274807 12.3384573055782
21.0629923852651 10.1584034178907
16.9632118364264 9.09645249446265
20.6131157215795 13.2840564256015
16.9271003529248 8.46081535680096
19.3980477463268 10.6067219215157
18.94344019111 12.563474842367
18.695810438638 11.2044455903409
19.8862064443052 9.38595547092633
16.17128114864 9.16316379315472
22.3531666240371 10.7102710600922
16.670055127576 11.0269622291991
19.0729391970552 10.0372148006575
17.7681597899143 12.6368979445134
18.4983619976131 9.86833600032369
24.1743330912567 8.59940784336459
20.0347912393865 11.0746522630427
17.4273989391314 5.59643535529216
16.7187889311628 10.7839474875968
20.9003742025453 10.9939219048474
19.9628803345707 9.5502505691402
19.3638632509123 7.76571366933623
18.1412757050926 9.21001079337225
17.025079379717 13.0996606844726
17.8496154067686 8.51297104040267
22.0000576074278 5.33657576454085
18.7574666104064 11.6244908844184
17.231146305231 8.9973786855973
23.7385812448472 8.97822686809529
20.8502007547449 7.56927191768998
19.5227057981739 9.95488274330556
22.116966097418 11.4024786008594
21.7728453027499 8.8250359488204
18.7615139035377 8.78654411716242
24.4122049290809 12.1932804300006
19.489945939718 9.50498064583941
17.1510106995744 9.68019657335351
19.7112007960916 8.74844349852985
20.4150766784647 11.8008692712005
24.6159567981187 8.01161274146755
20.2116047357874 11.6985007717607
20.9139976108468 11.6114045779529
19.8456941292869 9.06479812801756
19.3319983152669 11.6968406274467
19.9305479433774 11.973539727192
21.5752792112603 11.1512405770387
24.1504900173046 14.0496840908363
22.0547848775275 6.07529361754992
22.4158167967734 7.67015813872483
17.5373531568839 7.24696157253833
21.9677911401068 10.3353598689395
20.4398496073213 13.1692581583194
17.0654999418155 13.3557779059525
21.0420454852963 10.9765933967899
19.682490790568 11.7573465251206
22.9291746239396 9.71025025194024
18.4678360007907 10.9379435201484
19.1395764921429 10.752470954259
18.1477810052451 8.47791944988704
19.6457920771269 9.41341013249827
20.8040235589727 9.73031747118496
18.5365036537608 12.787691632346
21.6607463359633 7.92602262060342
17.5838344273911 5.77132970439268
17.9040311743845 11.5365564364088
22.8823154136886 8.36767875849303
17.9683050693907 9.12778615367885
20.823949424635 11.8094100625656
19.2378478977822 8.47382747090337
20.8188036793019 9.31786604072439
23.3777465724081 13.0048490684692
23.1731768668839 11.0566154246328
19.3381843986345 11.0843827109286
15.4295289294151 9.72665328856425
24.9953231796683 7.72653229339454
21.334132333531 7.00674569128841
21.0826546719274 9.55322871288681
19.9732009537082 14.0034384555458
21.0202168459059 10.4434076324272
19.6712483364607 10.3287458184928
20.841389286509 10.6652472177
19.1995065120447 9.22958400181714
17.2595842449051 7.20249194688421
21.9756765349098 15.3514815917036
23.0394900509991 9.15262782263603
19.3825188615488 9.40279697613387
17.4934204887846 6.41531654629405
21.2844826113556 9.5039835498638
19.910581726212 9.50539216325079
16.5335631863503 9.48897924294731
20.0042637193605 6.42612379981486
18.7393993321437 13.5693256320495
19.3180628402792 13.5271726954918
17.6868552747283 11.3792004438682
23.6062838158349 7.79851871115216
19.3377359272176 11.4290187137956
16.7889731754938 9.50705936613196
20.394386877479 9.36042766814559
20.5263512928109 12.7252885859094
18.0283465991814 7.54423482003464
14.2221586566409 8.97756153449905
18.7190365948698 8.53761000187007
21.141015271841 10.0395040137536
19.8805534479148 6.85427217058002
19.8036425119895 8.59333346034342
21.1216414572402 11.4318641778153
17.6270827228411 10.9304298128462
22.1935540885485 8.05219538719142
19.9893119434437 11.1184354609367
21.4146213347962 5.13472050918867
22.0682154694749 9.31903014659571
20.4469608298306 11.4260663897005
18.242584774268 8.68192522702174
22.3259291119347 9.92719475486703
15.999670110429 6.81342739694619
18.9104185199966 11.6955855944955
19.488658581686 6.29922230267877
19.66775792647 9.35269873661937
22.0409278175682 9.48950377499366
20.2724437862056 10.1218424546135
20.8143352068477 8.35301674196224
19.8606903739742 13.6594609696721
19.5046713167613 7.140167568437
21.3911016132393 10.5082742860092
22.2924567144316 4.12045260932804
15.1938075702163 10.0048316178869
21.1454791104917 11.0193311425239
20.7494488135573 7.83055999777208
19.1494645568878 11.4096659537551
21.9020256151536 10.6619526999884
19.2215256365632 11.9526549459527
19.4313386764009 8.31332023920253
21.7148195561596 8.05884019027418
23.4392545982412 6.45693730271414
20.5401098018745 9.3550593167081
19.1556319804247 7.322398515291
17.6217734102808 11.3763120562921
19.337934042242 10.1425613045012
18.12034134698 14.3795047185584
19.4821348337624 7.68458480139704
20.7887583364431 12.3633761281847
18.2962858159523 8.94526327678364
25.2983337621898 7.08674397737849
20.3120233513302 11.1459347409863
22.2604145349099 7.13324459065559
15.4217520403198 7.889629962947
21.4820023143909 8.5337762451561
17.3675096790969 10.4218145285026
21.8396073552183 8.00215854587798
20.7962603109039 12.1557006464112
19.1849428414605 7.60205123498425
22.6485172603545 10.4332740703694
18.5975366615062 10.2861740595779
18.8387713915189 7.86849981789404
17.9978556379492 9.14275317859644
18.6636427864932 8.68764104645731
21.8903699067462 11.9187886537152
20.8674042990903 13.1121052722044
22.0103184353541 7.91840713242351
19.2197626718926 11.8611448170805
20.7527405835493 9.84910813797562
20.488329848973 6.06560930189808
17.1474853152349 8.48819271470961
23.5568585749509 10.9222983210135
20.2688953218674 10.2902132620957
21.5311979983157 5.11537735783715
21.910273353818 11.1606373709031
19.8988685971155 11.3101039969735
19.3883691604661 9.39098232548116
21.787347404851 8.58486353476541
17.9054037018774 13.9431440289565
23.9426747724483 9.8200026387045
19.2327357874233 9.97196549613615
23.30829060455 7.75308612577969
23.0244253879013 7.31173975324759
20.1659314671718 6.95368845787582
21.134441829703 9.15606357923565
17.9509030409311 12.721848928162
20.6460130060449 13.5075896906697
22.0872249167124 13.1367294687056
20.1981569737944 12.5935111398955
19.0917261816913 9.52480749711278
18.6884362950991 7.55169972863859
19.928155154755 9.34437463971986
22.1383229213536 5.1750994474555
19.0320501393974 9.37241425311322
19.7579797773451 13.3197574092914
17.4117199923583 10.261906201215
20.9886256720297 12.1917773653792
22.6158030402283 10.9786819138878
22.9940820188056 8.44217940910269
21.6294054617947 13.4871187058587
16.2604224195948 9.84322542933787
20.9640590082475 8.0488924149549
20.9122712066024 10.1413196494771
19.2931994283402 6.96280094235361
20.340978941896 11.7275580655826
18.2719280917462 11.0031367707287
21.3584615480313 9.29043734070603
19.3457979706938 9.02314222481762
16.8618356297121 11.8725878945854
19.265098487659 7.87518322715572
22.7288698581397 8.03235825659122
19.3314372705377 10.8484957540402
21.4655000844182 9.09737303889473
21.8931712803956 11.8501695934478
20.0087974086527 9.60275838037537
19.2953553889003 12.3897020338008
18.940608981733 10.9910894103603
21.4791784511496 5.50969485181406
17.8730851690344 7.32925727916356
20.4924216870728 12.5655504123554
19.4210012668714 11.3815918083474
15.4702212870241 8.06587466428338
17.1822990878536 7.30841262995978
21.8320386575851 12.0673307786315
19.6174420989296 8.37644708067389
21.6065664322673 13.6034509572363
23.7749489266172 13.5430839207588
22.9477623622183 7.09061726039522
21.354536984626 8.30869137484873
20.7599253731335 7.49904068135164
19.6144031470853 11.3345761358084
23.1557835898088 7.41846062472474
21.1924682186369 5.92999292306219
17.6528461182573 14.042693988985
19.6887149302194 12.0119469752243
16.1621803594603 11.63424720245
19.6094823077787 8.67202343284551
14.815344660108 9.97743753749921
22.6280043343961 11.2393545124196
18.7289139979357 7.43752251607159
19.1400423226116 9.7514773472479
19.6613633353961 10.3514833090035
21.2244363479783 13.3855475889454
21.3566803544454 11.2842654344139
21.1359039449433 12.5644660646984
18.8549147921477 10.2810939470948
17.2734174874433 7.77499463363886
19.2225555113242 9.3206460560762
20.5558282649011 6.67047072147505
18.353837756856 11.8577035234405
19.8623181310431 12.8336536694316
17.6646753477404 9.87455844474597
19.9833819715688 8.03819532780426
20.2577108031948 12.174300502474
19.708248743078 10.2786540531214
19.6721780865279 9.22745580465243
23.5271040055698 12.24717084636
21.5251730248366 8.48030868528481
22.2228621614613 12.2979182064581
18.1535860943403 8.3150474821265
20.3286836768559 10.7828266807855
22.3096503741945 11.7827544846373
19.886957150947 7.32948257489135
15.7412787035307 10.7962469556699
20.6896915241989 9.77682639410235
16.1900891088289 11.3514878332846
18.3776596937196 8.42280412924156
22.6480086425992 9.82602733188501
21.2312736986053 12.7645680155116
22.1833379110707 10.3369803276161
20.6132097230273 11.6463818965502
19.7796824750343 9.55821080476712
18.1513744537454 7.94121669057058
23.1858275074384 9.97814861830574
20.0900211962438 7.55001768911845
18.5697431986642 4.80777722310006
21.7304461994343 12.338245183983
22.1488819165558 7.82618236604514
23.7913095483972 6.34783397470717
18.7940053927898 11.9905636145851
19.2182643585537 9.97627643713852
19.1675559369396 8.80074321049678
19.2486851543592 9.64410402679579
19.2667381085953 9.1480373163954
19.4086450945982 11.9933175529101
22.8836408203997 11.4553214170031
18.6049234161739 6.54673880827299
19.2236649881573 10.7067969912835
21.305072904343 11.4536273317991
22.2495448930703 11.3365219519534
18.4557783939521 5.15136538143157
18.9838275677234 9.52928514996945
21.047241180996 13.9592666418359
22.0355084530759 11.5935890772791
19.497670823824 6.58144763870827
17.1400131052228 6.67266257623313
23.4182420642018 10.9822191046311
22.8701391446232 9.65188902885543
18.5792577083002 11.922581127755
19.8698648526888 10.5876533233546
16.4810625292681 10.1619987270183
21.1394459436382 10.3673236855986
23.2246935964036 10.3325100707827
16.7254387057906 7.46080186757149
18.4408629735965 14.6989866412389
18.7176461324989 7.17598918514933
18.6377372128577 9.96607701443552
15.9334288087641 8.91136129475667
21.0019271184958 13.6002246667108
16.9364037200685 12.0228803523585
19.9500047214435 8.87256688818674
21.1859694420506 10.41084159075
19.6036091570307 12.3309239003975
21.7840167849471 14.4726456790138
19.9485698581637 10.6045301523377
18.7046790988287 7.91498679553794
21.2927188300693 8.03291537300838
19.1323345199408 14.0114371608684
23.545222369957 5.85885703228504
19.963480577674 16.1114847377637
21.7056299872011 9.4772988118254
20.4103258064881 9.09121348177256
13.983902802159 10.3151211109279
17.267776137342 11.8667774557305
19.1517954797104 10.6056565516687
20.4736073274911 6.08769955505504
15.3145537592821 10.7070734189387
21.9233932667614 10.9008490274848
18.7911485322911 11.319101741069
18.4942454412742 7.93715854478523
16.8887768149115 5.25795423727704
17.0922125239979 9.35084738435096
20.1126636721088 8.11140249818052
21.0187388133478 8.4682200031138
15.8042340804314 8.09244146656016
17.9912760411013 9.20399110029096
21.0715434445052 9.37756587415279
19.0939258307002 11.5921854264797
24.3307370036345 11.9728566877516
22.4914933454962 8.41093667516515
21.1909960681392 9.38236405696958
20.0097688990764 10.7228895320512
20.5587215641105 12.797582209676
18.5881877494647 9.8878591607152
21.2560343059145 6.60225301689178
22.9604279201714 10.4637050902826
22.1668598201666 9.76181865805889
