2 4 
2 3.25 
2 4.75 
2.75 4 
1.2 4 
1.5 3.5 
2.5 4 
2.5 4.5 
1.5 4.5 
1.75 3.25 
2.25 3.25 
2.25 4.75 
1.75 4.75 
6.75 2.75 
7 2.75 
7.25 2.75 
6.25 3 
6.5 3 
6.75 3 
7.0 3 
7.25 3
7.5 3
7.75 3
5.75 3.0
5.5  3.25
5.75  3.25
6.0  3.25
6.25  3.25
6.5  3.25
5.25  3.5
5.5  3.5
5.75  3.5
6.0  3.5
6.25  3.5
6.5  3.5
6.75  3.5
5.25  3.75
5.5  3.75
5.75  3.75
6.0  3.75
6.25  3.75
6.5  3.75
6.75  3.75
5.25  4.0
5.5  4.0
5.75  4.0
6.0  4.0
6.25  4.0
6.5  4.0
6.75  4.0
5.5  4.25
5.75  4.25
6.0  4.25
6.25  4.25
6.5  4.25
6.0 4.5
3.5 5.0
3.75 5.0
4.0 5.0
4.25 5.0
4.5 5.0
3.5 5.25
3.75 5.25
4.0 5.25
4.25 5.25
4.5 5.25
3.5 5.5
3.75 5.5
4.0 5.5
4.25 5.5
4.5 5.5
3.5 5.75
3.75 5.75
4.0 5.75
4.25 5.75
4.5 5.75